0.001	1.8567778877764951e-6
0.002427142857142857	0.00001092939438696039
0.003854285714285714	0.000027519820529842143
0.0052814285714285715	0.00005156127852024017
0.006708571428571428	0.0000829583611094975
0.008135714285714284	0.00012158885686630594
0.009562857142857144	0.00016730602806869221
0.01099	0.00021994125654745122
0.012417142857142856	0.000279306964041548
0.013844285714285715	0.0003451997103340876
0.015271428571428571	0.0004174033743193917
0.016698571428571427	0.0004956923295017512
0.018125714285714287	0.0005798345352943102
0.019552857142857143	0.0006695944777510565
0.02098	0.0007647359070417359
0.022407142857142858	0.0008650243328176543
0.023834285714285714	0.0009702292521049927
0.02526142857142857	0.001080126096548839
0.02668857142857143	0.0011944978964685271
0.028115714285714286	0.0013131366679626222
0.02954285714285714	0.0014358445361674077
0.03097	0.0015624346127850464
0.032397142857142854	0.001692731649320045
0.033824285714285716	0.0018265724893032909
0.03525142857142857	0.0019638063433953246
0.03667857142857143	0.0021042949108757147
0.038105714285714284	0.002247912369896854
0.03953285714285714	0.002394545257196956
0.040959999999999996	0.002544092255918784
0.04238714285714286	0.002696463907908342
0.043814285714285715	0.0028515822644807898
0.04524142857142857	0.0030093804872312058
0.04666857142857143	0.0031698024080808462
0.04809571428571428	0.003332802055435624
0.04952285714285714	0.0034983431510982044
0.050949999999999995	0.0036663985804361587
0.05237714285714286	0.0038369498362497145
0.053804285714285714	0.004009986434809543
0.05523142857142857	0.004185505300620118
0.056658571428571426	0.0043635101146073385
0.05808571428571428	0.004544010618617644
0.05951285714285714	0.004727021867347969
0.06094	0.004912563417120208
0.06236714285714286	0.0051006584392854215
0.0637942857142857	0.005291332744552957
0.06522142857142857	0.005484613703252594
0.06664857142857143	0.005680529045572813
0.06807571428571428	0.0058791055253162305
0.06950285714285714	0.006080367430889577
0.07092999999999999	0.006284334928336799
0.07235714285714286	0.006491022223560683
0.0737842857142857	0.006700435534812033
0.07521142857142857	0.006912570872474766
0.07663857142857143	0.00712741163155961
0.07806571428571428	0.007344926013527542
0.07949285714285714	0.007565064308402314
0.08091999999999999	0.0077877560856775
0.08234714285714285	0.008011392897247172
0.08377428571428572	0.00823519268083528
0.08520142857142857	0.008461115307703215
0.08662857142857143	0.008689160129050633
0.08805571428571428	0.008919324300230014
0.08948285714285714	0.00915160211698507
0.09090999999999999	0.009385984312552553
0.09233714285714285	0.009622457316305622
0.09376428571428572	0.009861002475816782
0.09519142857142857	0.010101595245674
0.09661857142857143	0.010344204348105679
0.09804571428571428	0.01058879091246201
0.09947285714285714	0.010834871116707001
0.10089999999999999	0.011081990365310546
0.10232714285714285	0.011330920402629396
0.10375428571428572	0.011581654591011903
0.10518142857142856	0.01183418449095619
0.10660857142857143	0.012088499503430161
0.10803571428571428	0.012344586498206467
0.10946285714285714	0.0126024294289806
0.11089	0.012862008936444513
0.11231714285714285	0.013123301940947463
0.11374428571428571	0.013386281226895336
0.11517142857142856	0.01365074827758539
0.11659857142857143	0.013916365805514253
0.11802571428571428	0.014183569797362683
0.11945285714285714	0.014452352100338017
0.12088	0.014722703132189596
0.12230714285714285	0.014994611662705437
0.12373428571428571	0.015268064588986885
0.12516142857142856	0.015543046704989183
0.1265885714285714	0.01581954046597822
0.1280157142857143	0.016097525748742014
0.12944285714285714	0.016376979608597075
0.13087	0.01665754914242834
0.13229714285714286	0.016939488956894344
0.1337242857142857	0.01722283648120937
0.13515142857142856	0.01750758260773999
0.1365785714285714	0.0177937169833281
0.1380057142857143	0.01808122786251254
0.13943285714285714	0.018370101957797758
0.14085999999999999	0.018660324287322005
0.14228714285714286	0.018951878020364354
0.1437142857142857	0.01924474316201885
0.14514142857142856	0.019538657445034247
0.1465685714285714	0.01983384618533901
0.14799571428571429	0.020130301426024788
0.14942285714285714	0.020428014286432816
0.15084999999999998	0.02072697486122277
0.15227714285714286	0.021027172117680126
0.1537042857142857	0.02132859379145191
0.15513142857142856	0.02163122628093661
0.15655857142857144	0.02193505454060196
0.15798571428571428	0.022239970246691887
0.15941285714285713	0.022545970434031726
0.16083999999999998	0.022853124366693844
0.16226714285714286	0.023161424057952074
0.1636942857142857	0.02347086071030058
0.16512142857142856	0.02378142464122257
0.16654857142857143	0.024093105207996124
0.16797571428571428	0.024405890731676094
0.16940285714285713	0.02471976842041257
0.17082999999999998	0.02503467392045311
0.17225714285714286	0.025350569651860222
0.1736842857142857	0.02566752102443348
0.17511142857142856	0.025985520638847848
0.17653857142857143	0.02630456042148821
0.17796571428571428	0.026624631568713752
0.17939285714285713	0.02694572449053223
0.18081999999999998	0.027267828753773315
0.18224714285714286	0.02759093302486848
0.1836742857142857	0.027914973735872706
0.18510142857142856	0.028239947730280934
0.18652857142857143	0.028565890752579426
0.18795571428571428	0.028892795809548177
0.18938285714285713	0.0292206553275679
0.19080999999999998	0.029549461109569575
0.19223714285714286	0.029879204291622607
0.1936642857142857	0.030209875299229694
0.19509142857142855	0.030541463803401392
0.19651857142857143	0.030873891693655175
0.19794571428571428	0.031207211203748808
0.19937285714285713	0.03154142238333657
0.20079999999999998	0.03187651852986306
0.20222714285714286	0.03221249242909874
0.2036542857142857	0.032549336321153755
0.20508142857142855	0.03288704186628111
0.20650857142857143	0.03322560011051645
0.20793571428571428	0.03356497326508745
0.20936285714285713	0.03390515007624373
0.21078999999999998	0.0342461548669063
0.21221714285714285	0.0345879815797453
0.2136442857142857	0.034930623725841436
0.21507142857142855	0.03527407435754304
0.21649857142857143	0.035618326041173765
0.21792571428571428	0.035963370829627306
0.21935285714285713	0.03630918979205733
0.22078	0.036655747604637856
0.22220714285714285	0.03700307545456749
0.2236342857142857	0.03735116777986758
0.22506142857142855	0.03770001864651851
0.22648857142857143	0.038049621726422456
0.22791571428571428	0.03839997027526332
0.22934285714285713	0.03875105711029059
0.23077	0.03910287035441973
0.23219714285714285	0.03945537126538834
0.2336242857142857	0.039808589247505966
0.23505142857142855	0.04016251913025892
0.23647857142857143	0.04051715541681755
0.23790571428571428	0.040872492265897176
0.23933285714285712	0.04122852347355144
0.24076	0.041585242454915794
0.24218714285714285	0.04194263798407216
0.2436142857142857	0.042300678451539064
0.24504142857142855	0.04265938735937835
0.24646857142857143	0.04301875985393211
0.24789571428571427	0.04337879079133278
0.24932285714285712	0.04373947472240025
0.25075	0.04410080587749565
0.2521771428571428	0.044462778151345694
0.2536042857142857	0.04482537759576588
0.2550314285714286	0.045188584865268
0.2564585714285714	0.045552415746441755
0.2578857142857143	0.04591686564733777
0.2593128571428571	0.046281929715012216
0.26073999999999997	0.04664760282282743
0.2621671428571428	0.047013879557727845
0.2635942857142857	0.0473807542075011
0.2650214285714286	0.04774820846701766
0.2664485714285714	0.04811623742777782
0.2678757142857143	0.04848484852688395
0.2693028571428571	0.0488540373923666
0.27072999999999997	0.04922379941540811
0.2721571428571428	0.04959412973957422
0.2735842857142857	0.04996502325003416
0.2750114285714286	0.05033647456277568
0.2764385714285714	0.0507084604378496
0.27786571428571427	0.051080990863662135
0.2792928571428571	0.05145406493319704
0.28071999999999997	0.05182767846228109
0.2821471428571428	0.05220182705022103
0.2835742857142857	0.052576506070606266
0.28500142857142857	0.052951710662107576
0.2864285714285714	0.05332743071091983
0.28785571428571427	0.05370365319997561
0.2892828571428571	0.05408038732737819
0.29070999999999997	0.054457629262762985
0.2921371428571428	0.05483537498453939
0.2935642857142857	0.055213620271986175
0.29499142857142857	0.05559236069734508
0.2964185714285714	0.05597159161791876
0.29784571428571427	0.05635129584094145
0.2992728571428571	0.056731478180704564
0.30069999999999997	0.057112138580030836
0.3021271428571428	0.05749327333711196
0.3035542857142857	0.057874878572928945
0.30498142857142857	0.05825695022441402
0.3064085714285714	0.058639484037616985
0.30783571428571427	0.05902247058980181
0.3092628571428571	0.059405901569692054
0.31068999999999997	0.059789782623811294
0.31211714285714287	0.06017411032344311
0.3135442857142857	0.06055888108095209
0.31497142857142857	0.060944091143836365
0.3163985714285714	0.0613297365887826
0.31782571428571427	0.061715813315729284
0.3192528571428571	0.06210230479061274
0.32067999999999997	0.06248921990354872
0.32210714285714287	0.062876555542839
0.3235342857142857	0.06326430837206831
0.32496142857142857	0.06365247490613535
0.3263885714285714	0.06404105150605532
0.32781571428571427	0.06443003437376993
0.3292428571428571	0.06481941187384421
0.33066999999999996	0.06520918483100135
0.33209714285714287	0.06559935367200831
0.3335242857142857	0.06598991527917741
0.33495142857142857	0.06638086639992136
0.3363785714285714	0.06677220364218717
0.33780571428571426	0.06716392346989697
0.3392328571428571	0.06755601775773434
0.34065999999999996	0.06794848197078385
0.34208714285714287	0.06834131879345706
0.3435142857142857	0.06873452530018676
0.34494142857142857	0.06912809844236045
0.3463685714285714	0.06952203504429111
0.34779571428571426	0.06991633179919587
0.3492228571428571	0.07031098303486139
0.35064999999999996	0.07070598085427604
0.35207714285714287	0.07110132927733981
0.3535042857142857	0.07149702554857784
0.35493142857142856	0.07189306679974883
0.3563585714285714	0.0722894500462754
0.35778571428571426	0.07268617218368278
0.3592128571428571	0.07308322919838206
0.36063999999999996	0.0734806112862072
0.36206714285714287	0.07387832314809428
0.3634942857142857	0.07427636218024236
0.36492142857142856	0.07467472567506461
0.3663485714285714	0.07507341081801566
0.36777571428571426	0.07547241468442523
0.3692028571428571	0.07587173423634042
0.37062999999999996	0.07627135908445559
0.37205714285714286	0.07667129387774929
0.3734842857142857	0.07707153624010465
0.37491142857142856	0.07747208360797087
0.3763385714285714	0.07787293331908363
0.37776571428571426	0.07827408260964208
0.3791928571428571	0.07867552861149352
0.38061999999999996	0.07907726220270672
0.38204714285714286	0.07947928655654402
0.3834742857142857	0.07988159988032717
0.38490142857142856	0.08028419974041479
0.3863285714285714	0.08068708361175025
0.38775571428571426	0.081090248875335
0.3891828571428571	0.08149369281571128
0.39060999999999996	0.08189740719292704
0.39203714285714286	0.082301394398417
0.3934642857142857	0.08270565290835274
0.39489142857142856	0.08311018040690898
0.3963185714285714	0.08351497449334155
0.39774571428571426	0.08392003267972126
0.3991728571428571	0.08432535238867556
0.40059999999999996	0.08473092597035159
0.40202714285714286	0.08513675554502498
0.4034542857142857	0.08554283962948339
0.40488142857142856	0.08594917601528584
0.4063085714285714	0.08635576241488707
0.40773571428571426	0.0867625964596006
0.4091628571428571	0.0871696756975665
0.41058999999999996	0.08757699285018428
0.41201714285714286	0.0879845501374118
0.4134442857142857	0.08839234595300682
0.41487142857142856	0.08880037818686037
0.4162985714285714	0.08920864465499123
0.41772571428571426	0.08961714309770819
0.4191528571428571	0.09002587117777949
0.42057999999999995	0.09043482182621387
0.42200714285714286	0.09084399762647799
0.4234342857142857	0.09125339673408228
0.42486142857142856	0.09166301712934788
0.4262885714285714	0.09207285672345134
0.42771571428571425	0.0924829133567644
0.4291428571428571	0.09289318450868933
0.43057	0.09330366406867863
0.43199714285714286	0.0937143542996619
0.4334242857142857	0.09412525332879762
0.43485142857142856	0.09453635921989967
0.4362785714285714	0.09494766997192938
0.43770571428571425	0.09535918351749073
0.4391328571428571	0.09577089699175445
0.44056	0.09618280561919701
0.44198714285714286	0.09659491100203776
0.4434142857142857	0.09700721134103729
0.44484142857142855	0.09741970477738293
0.4462685714285714	0.097832389391319
0.44769571428571425	0.09824526320078208
0.4491228571428571	0.09865832296571597
0.45055	0.09907156526405347
0.45197714285714286	0.09948499103339359
0.4534042857142857	0.09989859854299343
0.45483142857142855	0.10031238600598791
0.4562585714285714	0.10072635157814491
0.45768571428571425	0.10114049335662434
0.4591128571428571	0.10155480771279068
0.46054	0.10196929256912146
0.46196714285714285	0.10238394820481944
0.4633942857142857	0.10279877295308837
0.46482142857142855	0.10321376509418012
0.4662485714285714	0.10362892285425995
0.46767571428571425	0.10404424440427762
0.4691028571428571	0.10445972572804207
0.47053	0.1048753660615871
0.47195714285714285	0.1052911650401801
0.4733842857142857	0.10570712105690194
0.47481142857142855	0.10612323245480138
0.4762385714285714	0.10653949752586045
0.47766571428571425	0.10695591450996489
0.4790928571428571	0.10737247901637537
0.48052	0.10778919154525202
0.48194714285714285	0.10820605110944848
0.4833742857142857	0.10862305615826684
0.48480142857142855	0.10904020509367507
0.4862285714285714	0.10945749626936163
0.48765571428571425	0.10987492786188546
0.4890828571428571	0.11029249551288378
0.49051	0.11071020053761171
0.49193714285714285	0.1111280414822633
0.4933642857142857	0.11154601684906618
0.49479142857142855	0.11196412509541342
0.4962185714285714	0.11238236463299844
0.49764571428571425	0.11280073309046079
0.4990728571428571	0.11321922761582315
0.5005	0.11363784881813699
0.5019271428571428	0.1140565952912933
0.5033542857142856	0.11447546558746446
0.5047814285714286	0.11489445821630906
0.5062085714285715	0.11531357164417888
0.5076357142857143	0.11573280298996602
0.5090628571428572	0.11615215082258645
0.51049	0.1165716150782714
0.5119171428571428	0.11699119439605665
0.5133442857142857	0.11741088737535366
0.5147714285714285	0.11783069257521972
0.5161985714285714	0.11825060851363034
0.5176257142857142	0.11867063184315818
0.5190528571428571	0.11909076246002193
0.5204799999999999	0.11951099966461087
0.5219071428571428	0.11993134213878132
0.5233342857142856	0.12035178852672013
0.5247614285714286	0.12077233743427362
0.5261885714285714	0.12119298737589879
0.5276157142857143	0.12161373474332582
0.5290428571428571	0.12203458050129323
0.53047	0.1224555234075757
0.5318971428571428	0.12287656218472653
0.5333242857142857	0.12329769551945746
0.5347514285714285	0.12371892206202206
0.5361785714285714	0.12414023978596578
0.5376057142857142	0.12456164647963774
0.5390328571428571	0.12498314246223818
0.5404599999999999	0.1254047265286291
0.5418871428571428	0.12582639744011515
0.5433142857142856	0.12624815392387168
0.5447414285714286	0.12666999467237827
0.5461685714285714	0.12709191716642854
0.5475957142857143	0.12751392049649835
0.5490228571428571	0.1279360043708544
0.55045	0.1283581676197595
0.5518771428571428	0.12878040904148136
0.5533042857142857	0.1292027274017662
0.5547314285714285	0.12962512143331595
0.5561585714285714	0.13004758817616469
0.5575857142857142	0.13047012792105273
0.5590128571428571	0.13089273980413918
0.5604399999999999	0.13131542268953322
0.5618671428571428	0.13173817541081856
0.5632942857142856	0.13216099677056858
0.5647214285714286	0.13258388522172393
0.5661485714285714	0.13300683837349536
0.5675757142857143	0.13342985665353257
0.5690028571428571	0.13385293898704442
0.57043	0.13427608427054993
0.5718571428571428	0.1346992913714279
0.5732842857142857	0.1351225591274684
0.5747114285714285	0.1355458855164028
0.5761385714285714	0.13596926935649167
0.5775657142857142	0.13639271051561275
0.5789928571428571	0.13681620794878258
0.5804199999999999	0.13723976058360032
0.5818471428571428	0.13766336731983064
0.5832742857142856	0.13808702702899
0.5847014285714286	0.13851073726386331
0.5861285714285714	0.13893449795750934
0.5875557142857143	0.13935830845238528
0.5889828571428571	0.13978216773215058
0.59041	0.14020607475424918
0.5918371428571428	0.14063002844952444
0.5932642857142857	0.1410540275419433
0.5946914285714285	0.14147806975253563
0.5961185714285714	0.14190215548789054
0.5975457142857142	0.14232628378394452
0.5989728571428571	0.14275045365191508
0.6003999999999999	0.14317466407794188
0.6018271428571428	0.14359891402273017
0.6032542857142856	0.14402320177259897
0.6046814285714286	0.1444475261394973
0.6061085714285714	0.14487188702912934
0.6075357142857143	0.14529628350292645
0.6089628571428571	0.14572071459865243
0.61039	0.14614517933007087
0.6118171428571428	0.14656967668661458
0.6132442857142857	0.14699420456349865
0.6146714285714285	0.14741876277873722
0.6160985714285714	0.14784335076711308
0.6175257142857142	0.14826796761466043
0.6189528571428571	0.14869261238474307
0.6203799999999999	0.14911728411774638
0.6218071428571428	0.14954198169821287
0.6232342857142857	0.14996670307753113
0.6246614285714286	0.15039144858982934
0.6260885714285714	0.15081621736634354
0.6275157142857143	0.1512410085168745
0.6289428571428571	0.15166582112949956
0.63037	0.15209065427028734
0.6317971428571428	0.15251550643124434
0.6332242857142857	0.15294037653190284
0.6346514285714285	0.15336526446414078
0.6360785714285714	0.15379016938129553
0.6375057142857142	0.154215090416149
0.6389328571428571	0.1546400266806599
0.6403599999999999	0.1550649772656988
0.6417871428571428	0.15548994031296315
0.6432142857142857	0.15591491563440174
0.6446414285714286	0.15633990270593734
0.6460685714285714	0.15676490070231186
0.6474957142857143	0.15718990877854921
0.6489228571428571	0.15761492606970662
0.65035	0.1580399515674099
0.6517771428571428	0.15846498347768312
0.6532042857142857	0.15889002205247538
0.6546314285714285	0.15931506650596483
0.6560585714285714	0.1597401160336408
0.6574857142857142	0.16016516981207207
0.6589128571428571	0.16059022699867598
0.6603399999999999	0.16101528623881112
0.6617671428571428	0.1614403465885652
0.6631942857142857	0.16186540791286808
0.6646214285714286	0.16229046944528003
0.6660485714285714	0.16271553040141695
0.6674757142857143	0.16314058997873437
0.6689028571428571	0.1635656473563124
0.67033	0.1639907008710365
0.6717571428571428	0.1644157503617849
0.6731842857142857	0.16484079532973306
0.6746114285714285	0.16526583502727032
0.6760385714285714	0.16569086868955174
0.6774657142857142	0.16611589553429673
0.6788928571428571	0.1665409146394794
0.6803199999999999	0.16696592443999514
0.6817471428571428	0.16739092511763753
0.6831742857142857	0.167815915959465
0.6846014285714286	0.16824089623616778
0.6860285714285714	0.16866586520187965
0.6874557142857143	0.16909082209399073
0.6888828571428571	0.16951576568839322
0.69031	0.16994069516069787
0.6917371428571428	0.17036561035644593
0.6931642857142857	0.17079051057986605
0.6945914285714285	0.17121539511945372
0.6960185714285714	0.17164026324779547
0.6974457142857142	0.1720651142213948
0.6988728571428571	0.17248994654748984
0.7002999999999999	0.17291476008303275
0.7017271428571428	0.17333955435789883
0.7031542857142857	0.17376432869303604
0.7045814285714286	0.17418908239426634
0.7060085714285714	0.17461381475212212
0.7074357142857143	0.17503852492856842
0.7088628571428571	0.17546321153676814
0.71029	0.17588787471106182
0.7117171428571428	0.17631251380308188
0.7131442857142857	0.17673712815006892
0.7145714285714285	0.1771617170747184
0.7159985714285714	0.17758627988502818
0.7174257142857142	0.17801081548147912
0.7188528571428571	0.17843532311886767
0.7202799999999999	0.17885980264129087
0.7217071428571428	0.17928425341571885
0.7231342857142857	0.1797086747952764
0.7245614285714286	0.18013306611909907
0.7259885714285714	0.18055742671219133
0.7274157142857143	0.18098175524265026
0.7288428571428571	0.18140605155501865
0.73027	0.18183031522130233
0.7316971428571428	0.18225454562344146
0.7331242857142857	0.18267874213005364
0.7345514285714285	0.1831029040962998
0.7359785714285714	0.1835270307756114
0.7374057142857142	0.18395112089859456
0.7388328571428571	0.1843751745790695
0.7402599999999999	0.18479919122628874
0.7416871428571429	0.185223170236809
0.7431142857142857	0.1856471109943657
0.7445414285714286	0.18607101286974814
0.7459685714285714	0.18649487489130645
0.7473957142857143	0.1869186963426115
0.7488228571428571	0.187342477088695
0.75025	0.1877662165526145
0.7516771428571428	0.18818991414520414
0.7531042857142857	0.1886135692649571
0.7545314285714285	0.18903718129790925
0.7559585714285714	0.18946074907227894
0.7573857142857142	0.18988427237987926
0.7588128571428571	0.1903077508527169
0.7602399999999999	0.1907311839273469
0.7616671428571429	0.19115457102855427
0.7630942857142857	0.1915779115692442
0.7645214285714286	0.19200120490652917
0.7659485714285714	0.1924244498258011
0.7673757142857143	0.1928476464478136
0.7688028571428571	0.19327079423355464
0.77023	0.19369389263278103
0.7716571428571428	0.19411694108391409
0.7730842857142857	0.19453993901393773
0.7745114285714285	0.19496288558712493
0.7759385714285714	0.1953857800630081
0.7773657142857142	0.19580862235076568
0.7787928571428571	0.1962314119238906
0.7802199999999999	0.19665414824505478
0.7816471428571429	0.19707683076601323
0.7830742857142857	0.1974994589275071
0.7845014285714286	0.19792203172199496
0.7859285714285714	0.19834454884521457
0.7873557142857143	0.19876701000820318
0.7887828571428571	0.19918941469669793
0.79021	0.1996117623860103
0.7916371428571428	0.20003405254093531
0.7930642857142857	0.20045628461566234
0.7944914285714285	0.20087845745246624
0.7959185714285714	0.2013005711430208
0.7973457142857142	0.2017226252155686
0.7987728571428571	0.20214461916783932
0.8001999999999999	0.20256655248751643
0.8016271428571429	0.2029884246521525
0.8030542857142857	0.20341023497212707
0.8044814285714286	0.20383198263216784
0.8059085714285714	0.2042536676074569
0.8073357142857143	0.20467528941707425
0.8087628571428571	0.20509684757049818
0.81019	0.20551834156752502
0.8116171428571428	0.20593977089819093
0.8130442857142857	0.2063611347259312
0.8144714285714285	0.2067824326079416
0.8158985714285714	0.20720366435246085
0.8173257142857142	0.2076248294897347
0.8187528571428571	0.20804592754075302
0.8201799999999999	0.2084669580171744
0.8216071428571429	0.20888792042125282
0.8230342857142857	0.20930881378725874
0.8244614285714286	0.209729638011525
0.8258885714285714	0.21015039274803715
0.8273157142857143	0.2105710775379902
0.8287428571428571	0.21099169191365497
0.83017	0.211412235398309
0.8315971428571428	0.2118327074591162
0.8330242857142857	0.21225310716008572
0.8344514285714285	0.21267343456138443
0.8358785714285714	0.21309368922348293
0.8373057142857142	0.21351387069831362
0.8387328571428571	0.21393397852920537
0.8401599999999999	0.2143540122508174
0.8415871428571429	0.2147739712054889
0.8430142857142857	0.21519385477281794
0.8444414285714286	0.21561366287412564
0.8458685714285714	0.21603339508011077
0.8472957142857143	0.21645305095323797
0.8487228571428571	0.2168726300476761
0.85015	0.21729213190923646
0.8515771428571428	0.21771155576984358
0.8530042857142857	0.21813090129748747
0.8544314285714285	0.21855016828493823
0.8558585714285714	0.21896935631293413
0.8572857142857142	0.21938846495427133
0.8587128571428571	0.21980749377374675
0.86014	0.2202264423281003
0.8615671428571429	0.22064530975315078
0.8629942857142857	0.22106409597754928
0.8644214285714286	0.22148280067657322
0.8658485714285714	0.22190142344081532
0.8672757142857143	0.22231996385320807
0.8687028571428571	0.2227384214889696
0.87013	0.22315679587720794
0.8715571428571428	0.22357508618661448
0.8729842857142857	0.2239932924638035
0.8744114285714285	0.22441141431637945
0.8758385714285714	0.2248294513446093
0.8772657142857142	0.2252474031413707
0.878692857142857	0.22566526929210184
0.88012	0.22608304923276057
0.8815471428571429	0.22650074237421025
0.8829742857142857	0.22691834865799454
0.8844014285714286	0.22733586770095737
0.8858285714285714	0.22775329911286346
0.8872557142857143	0.22817064249634922
0.8886828571428571	0.22858789744687624
0.89011	0.22900506331870374
0.8915371428571428	0.2294221397425399
0.8929642857142857	0.22983912656367023
0.8943914285714285	0.2302560234080152
0.8958185714285714	0.2306728298946642
0.8972457142857142	0.2310895456358304
0.898672857142857	0.23150617023680686
0.9001	0.23192270298129958
0.9015271428571429	0.23233914369760789
0.9029542857142857	0.23275549214390912
0.9043814285714286	0.2331717479550398
0.9058085714285714	0.233587910759245
0.9072357142857143	0.2340039801781365
0.9086628571428571	0.2344199558266511
0.91009	0.23483583692862542
0.9115171428571428	0.23525162348814788
0.9129442857142857	0.23566731518554607
0.9143714285714285	0.23608291166441586
0.9157985714285714	0.2364984125619929
0.9172257142857142	0.23691381750911278
0.918652857142857	0.23732912608353351
0.92008	0.23774433759924385
0.9215071428571429	0.23815945207514966
0.9229342857142857	0.2385744691695526
0.9243614285714286	0.2389893885346538
0.9257885714285714	0.239404209816517
0.9272157142857143	0.2398189326550314
0.9286428571428571	0.2402335565692889
0.93007	0.24064808103679014
0.9314971428571428	0.24106250600726153
0.9329242857142857	0.2414768311472465
0.9343514285714285	0.24189105611740058
0.9357785714285713	0.24230518057245676
0.9372057142857142	0.24271920416119042
0.938632857142857	0.24313312635261597
0.94006	0.24354694677016886
0.9414871428571429	0.24396066530175697
0.9429142857142857	0.24437428162202512
0.9443414285714286	0.244787795399935
0.9457685714285714	0.24520120629873265
0.9471957142857143	0.24561451397591616
0.9486228571428571	0.2460277178585898
0.95005	0.246440817699067
0.9514771428571428	0.24685381333078027
0.9529042857142856	0.24726670443633736
0.9543314285714285	0.24767949069286066
0.9557585714285713	0.2480921717719563
0.9571857142857142	0.24850474733968464
0.958612857142857	0.2489172167889282
0.96004	0.24932957998450833
0.9614671428571429	0.24974183671259476
0.9628942857142857	0.2501539866636219
0.9643214285714286	0.25056602952272977
0.9657485714285714	0.2509779649697349
0.9671757142857142	0.2513897926791021
0.9686028571428571	0.25180151201666723
0.97003	0.25221312294419196
0.9714571428571428	0.2526246252075798
0.9728842857142856	0.2530360185049585
0.9743114285714285	0.253447302529345
0.9757385714285713	0.25385847696861885
0.9771657142857142	0.2542695415054953
0.9785928571428572	0.25468049548540805
0.98002	0.25509133895236935
0.9814471428571429	0.25550207161873506
0.9828742857142857	0.2559126931901944
0.9843014285714285	0.2563232033675036
0.9857285714285714	0.2567336018464602
0.9871557142857142	0.2571438882852256
0.9885828571428571	0.25755406211290743
0.99001	0.2579641233440334
0.9914371428571428	0.2583740716964631
0.9928642857142856	0.2587839068833181
0.9942914285714285	0.2591936286129577
0.9957185714285713	0.2596032365889559
0.9971457142857142	0.26001273044918816
0.9985728571428572	0.26042210969879054